(kicad_pcb (version 20171130) (host pcbnew "(2017-12-26 revision 90818afed)-makepkg")

  (general
    (thickness 0.8)
    (drawings 8)
    (tracks 109)
    (zones 0)
    (modules 50)
    (nets 89)
  )

  (page A4)
  (layers
    (0 F.Cu signal)
    (31 B.Cu signal)
    (34 B.Paste user)
    (35 F.Paste user)
    (36 B.SilkS user)
    (37 F.SilkS user)
    (38 B.Mask user)
    (39 F.Mask user)
    (40 Dwgs.User user)
    (41 Cmts.User user)
    (44 Edge.Cuts user)
  )

  (setup
    (last_trace_width 0.1524)
    (user_trace_width 0.1524)
    (user_trace_width 0.2032)
    (user_trace_width 0.254)
    (user_trace_width 0.3048)
    (user_trace_width 0.381)
    (user_trace_width 0.508)
    (user_trace_width 0.762)
    (user_trace_width 1.27)
    (trace_clearance 0.2032)
    (zone_clearance 0.508)
    (zone_45_only no)
    (trace_min 0.1524)
    (segment_width 0.2)
    (edge_width 0.15)
    (via_size 0.8)
    (via_drill 0.4)
    (via_min_size 0.4)
    (via_min_drill 0.3)
    (uvia_size 0.3)
    (uvia_drill 0.1)
    (uvias_allowed no)
    (uvia_min_size 0.2)
    (uvia_min_drill 0.1)
    (pcb_text_width 0.3)
    (pcb_text_size 1.5 1.5)
    (mod_edge_width 0.15)
    (mod_text_size 1 1)
    (mod_text_width 0.15)
    (pad_size 1.524 1.524)
    (pad_drill 0.762)
    (pad_to_mask_clearance 0.2)
    (aux_axis_origin 94.75 116.55)
    (grid_origin 94.75 116.55)
    (visible_elements 7FFFFFFF)
    (pcbplotparams
      (layerselection 0x010fc_ffffffff)
      (usegerberextensions false)
      (usegerberattributes false)
      (usegerberadvancedattributes false)
      (creategerberjobfile false)
      (excludeedgelayer true)
      (linewidth 0.100000)
      (plotframeref false)
      (viasonmask false)
      (mode 1)
      (useauxorigin false)
      (hpglpennumber 1)
      (hpglpenspeed 20)
      (hpglpendiameter 15)
      (psnegative false)
      (psa4output false)
      (plotreference true)
      (plotvalue true)
      (plotinvisibletext false)
      (padsonsilk false)
      (subtractmaskfromsilk false)
      (outputformat 1)
      (mirror false)
      (drillshape 1)
      (scaleselection 1)
      (outputdirectory ""))
  )

  (net 0 "")
  (net 1 GND)
  (net 2 "Net-(D1-Pad2)")
  (net 3 "Net-(D1-Pad1)")
  (net 4 +5VD)
  (net 5 /USB/USB1-)
  (net 6 /USB/USB1+)
  (net 7 /USB/USB2+)
  (net 8 /USB/USB2-)
  (net 9 /USB/USB3-)
  (net 10 /USB/USB3+)
  (net 11 /USB/USB1A-)
  (net 12 "Net-(J4-Pad1)")
  (net 13 /USB/USB1A+)
  (net 14 /USB/USB2A+)
  (net 15 /USB/USB2A-)
  (net 16 "Net-(J5-Pad1)")
  (net 17 /USB/USB3A+)
  (net 18 /USB/USB3A-)
  (net 19 "Net-(J6-Pad1)")
  (net 20 /USB/USB1B-)
  (net 21 "Net-(J7-Pad1)")
  (net 22 /USB/USB1B+)
  (net 23 /USB/USB2B+)
  (net 24 /USB/USB2B-)
  (net 25 "Net-(J8-Pad1)")
  (net 26 /USB/USB3B-)
  (net 27 "Net-(J9-Pad1)")
  (net 28 /USB/USB3B+)
  (net 29 +5V)
  (net 30 "Net-(J10-Pad2)")
  (net 31 "Net-(J10-Pad3)")
  (net 32 "Net-(J10-Pad4)")
  (net 33 /HDMI/D2+)
  (net 34 /HDMI/D2-)
  (net 35 /HDMI/D1+)
  (net 36 /HDMI/D1-)
  (net 37 /HDMI/D0+)
  (net 38 /HDMI/D0-)
  (net 39 /HDMI/CLK+)
  (net 40 /HDMI/CLK-)
  (net 41 /HDMI/CEC)
  (net 42 "Net-(J11-Pad14)")
  (net 43 /HDMI/SCL)
  (net 44 /HDMI/SDA)
  (net 45 /HDMI/HPD)
  (net 46 /HDMI/D2A+)
  (net 47 /HDMI/D2A-)
  (net 48 /HDMI/D1A+)
  (net 49 /HDMI/D1A-)
  (net 50 /HDMI/D0A+)
  (net 51 /HDMI/D0A-)
  (net 52 /HDMI/CLKA+)
  (net 53 /HDMI/CLKA-)
  (net 54 /HDMI/CECA)
  (net 55 "Net-(J12-Pad14)")
  (net 56 /HDMI/SCLA)
  (net 57 /HDMI/SDAA)
  (net 58 /HDMI/HPDB)
  (net 59 /HDMI/SDAB)
  (net 60 /HDMI/SCLB)
  (net 61 "Net-(J13-Pad14)")
  (net 62 /HDMI/CECB)
  (net 63 /HDMI/CLKB-)
  (net 64 /HDMI/CLKB+)
  (net 65 /HDMI/D0B-)
  (net 66 /HDMI/D0B+)
  (net 67 /HDMI/D1B-)
  (net 68 /HDMI/D1B+)
  (net 69 /HDMI/D2B-)
  (net 70 /HDMI/D2B+)
  (net 71 CTRL)
  (net 72 "Net-(R1-Pad1)")
  (net 73 "Net-(R2-Pad2)")
  (net 74 "Net-(R3-Pad1)")
  (net 75 "Net-(R4-Pad1)")
  (net 76 "Net-(R5-Pad1)")
  (net 77 "Net-(U1-Pad9)")
  (net 78 "Net-(U1-Pad30)")
  (net 79 /HDMI/HPDA)
  (net 80 "Net-(U3-Pad2)")
  (net 81 +5VA)
  (net 82 VCC)
  (net 83 "Net-(U4-Pad8)")
  (net 84 "Net-(U4-Pad7)")
  (net 85 "Net-(U5-Pad7)")
  (net 86 "Net-(U5-Pad8)")
  (net 87 "Net-(U6-Pad8)")
  (net 88 "Net-(U6-Pad7)")

  (net_class Default "This is the default net class."
    (clearance 0.2032)
    (trace_width 0.254)
    (via_dia 0.8)
    (via_drill 0.4)
    (uvia_dia 0.3)
    (uvia_drill 0.1)
    (diff_pair_gap 0.1524)
    (diff_pair_width 0.2032)
    (add_net +5V)
    (add_net +5VA)
    (add_net +5VD)
    (add_net /HDMI/CEC)
    (add_net /HDMI/CECA)
    (add_net /HDMI/CECB)
    (add_net /HDMI/CLK+)
    (add_net /HDMI/CLK-)
    (add_net /HDMI/CLKA+)
    (add_net /HDMI/CLKA-)
    (add_net /HDMI/CLKB+)
    (add_net /HDMI/CLKB-)
    (add_net /HDMI/D0+)
    (add_net /HDMI/D0-)
    (add_net /HDMI/D0A+)
    (add_net /HDMI/D0A-)
    (add_net /HDMI/D0B+)
    (add_net /HDMI/D0B-)
    (add_net /HDMI/D1+)
    (add_net /HDMI/D1-)
    (add_net /HDMI/D1A+)
    (add_net /HDMI/D1A-)
    (add_net /HDMI/D1B+)
    (add_net /HDMI/D1B-)
    (add_net /HDMI/D2+)
    (add_net /HDMI/D2-)
    (add_net /HDMI/D2A+)
    (add_net /HDMI/D2A-)
    (add_net /HDMI/D2B+)
    (add_net /HDMI/D2B-)
    (add_net /HDMI/HPD)
    (add_net /HDMI/HPDA)
    (add_net /HDMI/HPDB)
    (add_net /HDMI/SCL)
    (add_net /HDMI/SCLA)
    (add_net /HDMI/SCLB)
    (add_net /HDMI/SDA)
    (add_net /HDMI/SDAA)
    (add_net /HDMI/SDAB)
    (add_net /USB/USB1+)
    (add_net /USB/USB1-)
    (add_net /USB/USB1A+)
    (add_net /USB/USB1A-)
    (add_net /USB/USB1B+)
    (add_net /USB/USB1B-)
    (add_net /USB/USB2+)
    (add_net /USB/USB2-)
    (add_net /USB/USB2A+)
    (add_net /USB/USB2A-)
    (add_net /USB/USB2B+)
    (add_net /USB/USB2B-)
    (add_net /USB/USB3+)
    (add_net /USB/USB3-)
    (add_net /USB/USB3A+)
    (add_net /USB/USB3A-)
    (add_net /USB/USB3B+)
    (add_net /USB/USB3B-)
    (add_net CTRL)
    (add_net GND)
    (add_net "Net-(D1-Pad1)")
    (add_net "Net-(D1-Pad2)")
    (add_net "Net-(J10-Pad2)")
    (add_net "Net-(J10-Pad3)")
    (add_net "Net-(J10-Pad4)")
    (add_net "Net-(J11-Pad14)")
    (add_net "Net-(J12-Pad14)")
    (add_net "Net-(J13-Pad14)")
    (add_net "Net-(J4-Pad1)")
    (add_net "Net-(J5-Pad1)")
    (add_net "Net-(J6-Pad1)")
    (add_net "Net-(J7-Pad1)")
    (add_net "Net-(J8-Pad1)")
    (add_net "Net-(J9-Pad1)")
    (add_net "Net-(R1-Pad1)")
    (add_net "Net-(R2-Pad2)")
    (add_net "Net-(R3-Pad1)")
    (add_net "Net-(R4-Pad1)")
    (add_net "Net-(R5-Pad1)")
    (add_net "Net-(U1-Pad30)")
    (add_net "Net-(U1-Pad9)")
    (add_net "Net-(U3-Pad2)")
    (add_net "Net-(U4-Pad7)")
    (add_net "Net-(U4-Pad8)")
    (add_net "Net-(U5-Pad7)")
    (add_net "Net-(U5-Pad8)")
    (add_net "Net-(U6-Pad7)")
    (add_net "Net-(U6-Pad8)")
    (add_net VCC)
  )

  (module Mounting_Holes:MountingHole_2.2mm_M2_Pad (layer F.Cu) (tedit 56D1B4CB) (tstamp 5A486C45)
    (at 97.75 113.55)
    (descr "Mounting Hole 2.2mm, M2")
    (tags "mounting hole 2.2mm m2")
    (attr virtual)
    (fp_text reference REF** (at 0 -3.2) (layer F.SilkS)
      (effects (font (size 1 1) (thickness 0.15)))
    )
    (fp_text value MountingHole_2.2mm_M2_Pad (at 0 3.2) (layer F.Fab)
      (effects (font (size 1 1) (thickness 0.15)))
    )
    (fp_circle (center 0 0) (end 2.45 0) (layer F.CrtYd) (width 0.05))
    (fp_circle (center 0 0) (end 2.2 0) (layer Cmts.User) (width 0.15))
    (fp_text user %R (at 0.3 0) (layer F.Fab)
      (effects (font (size 1 1) (thickness 0.15)))
    )
    (pad 1 thru_hole circle (at 0 0) (size 4.4 4.4) (drill 2.2) (layers *.Cu *.Mask))
  )

  (module Mounting_Holes:MountingHole_2.2mm_M2_Pad (layer F.Cu) (tedit 56D1B4CB) (tstamp 5A486C37)
    (at 97.75 69.55)
    (descr "Mounting Hole 2.2mm, M2")
    (tags "mounting hole 2.2mm m2")
    (attr virtual)
    (fp_text reference REF** (at 0 -6.5) (layer F.SilkS)
      (effects (font (size 1 1) (thickness 0.15)))
    )
    (fp_text value MountingHole_2.2mm_M2_Pad (at 0 3.2) (layer F.Fab)
      (effects (font (size 1 1) (thickness 0.15)))
    )
    (fp_text user %R (at 0.3 0) (layer F.Fab)
      (effects (font (size 1 1) (thickness 0.15)))
    )
    (fp_circle (center 0 0) (end 2.2 0) (layer Cmts.User) (width 0.15))
    (fp_circle (center 0 0) (end 2.45 0) (layer F.CrtYd) (width 0.05))
    (pad 1 thru_hole circle (at 0 0) (size 4.4 4.4) (drill 2.2) (layers *.Cu *.Mask))
  )

  (module Mounting_Holes:MountingHole_2.2mm_M2_Pad (layer F.Cu) (tedit 5A4953D7) (tstamp 5A486C29)
    (at 191.75 113.55 90)
    (descr "Mounting Hole 2.2mm, M2")
    (tags "mounting hole 2.2mm m2")
    (attr virtual)
    (fp_text reference REF** (at 0 6.5 90) (layer F.SilkS)
      (effects (font (size 1 1) (thickness 0.15)))
    )
    (fp_text value MountingHole_2.2mm_M2_Pad (at 0 3.2 90) (layer F.Fab)
      (effects (font (size 1 1) (thickness 0.15)))
    )
    (fp_circle (center 0 0) (end 2.45 0) (layer F.CrtYd) (width 0.05))
    (fp_circle (center 0 0) (end 2.2 0) (layer Cmts.User) (width 0.15))
    (fp_text user %R (at 0.3 0 90) (layer F.Fab)
      (effects (font (size 1 1) (thickness 0.15)))
    )
    (pad 1 thru_hole circle (at 0 0 90) (size 4.4 4.4) (drill 2.2) (layers *.Cu *.Mask))
  )

  (module Capacitors_SMD:C_0805_HandSoldering (layer F.Cu) (tedit 58AA84A8) (tstamp 5A47BF66)
    (at 182 78 90)
    (descr "Capacitor SMD 0805, hand soldering")
    (tags "capacitor 0805")
    (path /5A477DAF)
    (attr smd)
    (fp_text reference C1 (at 3.2 0 90) (layer F.SilkS)
      (effects (font (size 1 1) (thickness 0.15)))
    )
    (fp_text value 0.1uF (at 0 1.75 90) (layer F.Fab)
      (effects (font (size 1 1) (thickness 0.15)))
    )
    (fp_text user %R (at 0 -1.75 90) (layer F.Fab)
      (effects (font (size 1 1) (thickness 0.15)))
    )
    (fp_line (start -1 0.62) (end -1 -0.62) (layer F.Fab) (width 0.1))
    (fp_line (start 1 0.62) (end -1 0.62) (layer F.Fab) (width 0.1))
    (fp_line (start 1 -0.62) (end 1 0.62) (layer F.Fab) (width 0.1))
    (fp_line (start -1 -0.62) (end 1 -0.62) (layer F.Fab) (width 0.1))
    (fp_line (start 0.5 -0.85) (end -0.5 -0.85) (layer F.SilkS) (width 0.12))
    (fp_line (start -0.5 0.85) (end 0.5 0.85) (layer F.SilkS) (width 0.12))
    (fp_line (start -2.25 -0.88) (end 2.25 -0.88) (layer F.CrtYd) (width 0.05))
    (fp_line (start -2.25 -0.88) (end -2.25 0.87) (layer F.CrtYd) (width 0.05))
    (fp_line (start 2.25 0.87) (end 2.25 -0.88) (layer F.CrtYd) (width 0.05))
    (fp_line (start 2.25 0.87) (end -2.25 0.87) (layer F.CrtYd) (width 0.05))
    (pad 1 smd rect (at -1.25 0 90) (size 1.5 1.25) (layers F.Cu F.Paste F.Mask)
      (net 29 +5V))
    (pad 2 smd rect (at 1.25 0 90) (size 1.5 1.25) (layers F.Cu F.Paste F.Mask)
      (net 1 GND))
    (model Capacitors_SMD.3dshapes/C_0805.wrl
      (at (xyz 0 0 0))
      (scale (xyz 1 1 1))
      (rotate (xyz 0 0 0))
    )
  )

  (module Capacitors_SMD:C_0805_HandSoldering (layer F.Cu) (tedit 58AA84A8) (tstamp 5A47BF77)
    (at 184 78 90)
    (descr "Capacitor SMD 0805, hand soldering")
    (tags "capacitor 0805")
    (path /5A477D18)
    (attr smd)
    (fp_text reference C2 (at 3.2 0 90) (layer F.SilkS)
      (effects (font (size 1 1) (thickness 0.15)))
    )
    (fp_text value 1uF (at 0 1.75 90) (layer F.Fab)
      (effects (font (size 1 1) (thickness 0.15)))
    )
    (fp_line (start 2.25 0.87) (end -2.25 0.87) (layer F.CrtYd) (width 0.05))
    (fp_line (start 2.25 0.87) (end 2.25 -0.88) (layer F.CrtYd) (width 0.05))
    (fp_line (start -2.25 -0.88) (end -2.25 0.87) (layer F.CrtYd) (width 0.05))
    (fp_line (start -2.25 -0.88) (end 2.25 -0.88) (layer F.CrtYd) (width 0.05))
    (fp_line (start -0.5 0.85) (end 0.5 0.85) (layer F.SilkS) (width 0.12))
    (fp_line (start 0.5 -0.85) (end -0.5 -0.85) (layer F.SilkS) (width 0.12))
    (fp_line (start -1 -0.62) (end 1 -0.62) (layer F.Fab) (width 0.1))
    (fp_line (start 1 -0.62) (end 1 0.62) (layer F.Fab) (width 0.1))
    (fp_line (start 1 0.62) (end -1 0.62) (layer F.Fab) (width 0.1))
    (fp_line (start -1 0.62) (end -1 -0.62) (layer F.Fab) (width 0.1))
    (fp_text user %R (at 0 -1.75 90) (layer F.Fab)
      (effects (font (size 1 1) (thickness 0.15)))
    )
    (pad 2 smd rect (at 1.25 0 90) (size 1.5 1.25) (layers F.Cu F.Paste F.Mask)
      (net 1 GND))
    (pad 1 smd rect (at -1.25 0 90) (size 1.5 1.25) (layers F.Cu F.Paste F.Mask)
      (net 29 +5V))
    (model Capacitors_SMD.3dshapes/C_0805.wrl
      (at (xyz 0 0 0))
      (scale (xyz 1 1 1))
      (rotate (xyz 0 0 0))
    )
  )

  (module Capacitors_SMD:C_0805_HandSoldering (layer F.Cu) (tedit 58AA84A8) (tstamp 5A47BF88)
    (at 186 78 90)
    (descr "Capacitor SMD 0805, hand soldering")
    (tags "capacitor 0805")
    (path /5A476F54)
    (attr smd)
    (fp_text reference C3 (at 3.2 0 90) (layer F.SilkS)
      (effects (font (size 1 1) (thickness 0.15)))
    )
    (fp_text value 4.7uF (at 0 1.75 90) (layer F.Fab)
      (effects (font (size 1 1) (thickness 0.15)))
    )
    (fp_line (start 2.25 0.87) (end -2.25 0.87) (layer F.CrtYd) (width 0.05))
    (fp_line (start 2.25 0.87) (end 2.25 -0.88) (layer F.CrtYd) (width 0.05))
    (fp_line (start -2.25 -0.88) (end -2.25 0.87) (layer F.CrtYd) (width 0.05))
    (fp_line (start -2.25 -0.88) (end 2.25 -0.88) (layer F.CrtYd) (width 0.05))
    (fp_line (start -0.5 0.85) (end 0.5 0.85) (layer F.SilkS) (width 0.12))
    (fp_line (start 0.5 -0.85) (end -0.5 -0.85) (layer F.SilkS) (width 0.12))
    (fp_line (start -1 -0.62) (end 1 -0.62) (layer F.Fab) (width 0.1))
    (fp_line (start 1 -0.62) (end 1 0.62) (layer F.Fab) (width 0.1))
    (fp_line (start 1 0.62) (end -1 0.62) (layer F.Fab) (width 0.1))
    (fp_line (start -1 0.62) (end -1 -0.62) (layer F.Fab) (width 0.1))
    (fp_text user %R (at 0 -1.75 90) (layer F.Fab)
      (effects (font (size 1 1) (thickness 0.15)))
    )
    (pad 2 smd rect (at 1.25 0 90) (size 1.5 1.25) (layers F.Cu F.Paste F.Mask)
      (net 1 GND))
    (pad 1 smd rect (at -1.25 0 90) (size 1.5 1.25) (layers F.Cu F.Paste F.Mask)
      (net 29 +5V))
    (model Capacitors_SMD.3dshapes/C_0805.wrl
      (at (xyz 0 0 0))
      (scale (xyz 1 1 1))
      (rotate (xyz 0 0 0))
    )
  )

  (module Capacitors_SMD:C_0805_HandSoldering (layer F.Cu) (tedit 58AA84A8) (tstamp 5A4864C9)
    (at 173 78.05 270)
    (descr "Capacitor SMD 0805, hand soldering")
    (tags "capacitor 0805")
    (path /5A476F7C)
    (attr smd)
    (fp_text reference C4 (at -3.25 0 270) (layer F.SilkS)
      (effects (font (size 1 1) (thickness 0.15)))
    )
    (fp_text value 10uF (at 0 1.75 270) (layer F.Fab)
      (effects (font (size 1 1) (thickness 0.15)))
    )
    (fp_text user %R (at 0 -1.75 270) (layer F.Fab)
      (effects (font (size 1 1) (thickness 0.15)))
    )
    (fp_line (start -1 0.62) (end -1 -0.62) (layer F.Fab) (width 0.1))
    (fp_line (start 1 0.62) (end -1 0.62) (layer F.Fab) (width 0.1))
    (fp_line (start 1 -0.62) (end 1 0.62) (layer F.Fab) (width 0.1))
    (fp_line (start -1 -0.62) (end 1 -0.62) (layer F.Fab) (width 0.1))
    (fp_line (start 0.5 -0.85) (end -0.5 -0.85) (layer F.SilkS) (width 0.12))
    (fp_line (start -0.5 0.85) (end 0.5 0.85) (layer F.SilkS) (width 0.12))
    (fp_line (start -2.25 -0.88) (end 2.25 -0.88) (layer F.CrtYd) (width 0.05))
    (fp_line (start -2.25 -0.88) (end -2.25 0.87) (layer F.CrtYd) (width 0.05))
    (fp_line (start 2.25 0.87) (end 2.25 -0.88) (layer F.CrtYd) (width 0.05))
    (fp_line (start 2.25 0.87) (end -2.25 0.87) (layer F.CrtYd) (width 0.05))
    (pad 1 smd rect (at -1.25 0 270) (size 1.5 1.25) (layers F.Cu F.Paste F.Mask)
      (net 82 VCC))
    (pad 2 smd rect (at 1.25 0 270) (size 1.5 1.25) (layers F.Cu F.Paste F.Mask)
      (net 1 GND))
    (model Capacitors_SMD.3dshapes/C_0805.wrl
      (at (xyz 0 0 0))
      (scale (xyz 1 1 1))
      (rotate (xyz 0 0 0))
    )
  )

  (module Capacitors_SMD:C_0805_HandSoldering (layer F.Cu) (tedit 58AA84A8) (tstamp 5A47BFAA)
    (at 171 78.05 270)
    (descr "Capacitor SMD 0805, hand soldering")
    (tags "capacitor 0805")
    (path /5A477360)
    (attr smd)
    (fp_text reference C5 (at -3.25 0 270) (layer F.SilkS)
      (effects (font (size 1 1) (thickness 0.15)))
    )
    (fp_text value 1uF (at 0 1.75 270) (layer F.Fab)
      (effects (font (size 1 1) (thickness 0.15)))
    )
    (fp_line (start 2.25 0.87) (end -2.25 0.87) (layer F.CrtYd) (width 0.05))
    (fp_line (start 2.25 0.87) (end 2.25 -0.88) (layer F.CrtYd) (width 0.05))
    (fp_line (start -2.25 -0.88) (end -2.25 0.87) (layer F.CrtYd) (width 0.05))
    (fp_line (start -2.25 -0.88) (end 2.25 -0.88) (layer F.CrtYd) (width 0.05))
    (fp_line (start -0.5 0.85) (end 0.5 0.85) (layer F.SilkS) (width 0.12))
    (fp_line (start 0.5 -0.85) (end -0.5 -0.85) (layer F.SilkS) (width 0.12))
    (fp_line (start -1 -0.62) (end 1 -0.62) (layer F.Fab) (width 0.1))
    (fp_line (start 1 -0.62) (end 1 0.62) (layer F.Fab) (width 0.1))
    (fp_line (start 1 0.62) (end -1 0.62) (layer F.Fab) (width 0.1))
    (fp_line (start -1 0.62) (end -1 -0.62) (layer F.Fab) (width 0.1))
    (fp_text user %R (at 0 -1.75 270) (layer F.Fab)
      (effects (font (size 1 1) (thickness 0.15)))
    )
    (pad 2 smd rect (at 1.25 0 270) (size 1.5 1.25) (layers F.Cu F.Paste F.Mask)
      (net 1 GND))
    (pad 1 smd rect (at -1.25 0 270) (size 1.5 1.25) (layers F.Cu F.Paste F.Mask)
      (net 82 VCC))
    (model Capacitors_SMD.3dshapes/C_0805.wrl
      (at (xyz 0 0 0))
      (scale (xyz 1 1 1))
      (rotate (xyz 0 0 0))
    )
  )

  (module Capacitors_SMD:C_0805_HandSoldering (layer F.Cu) (tedit 58AA84A8) (tstamp 5A47BFBB)
    (at 169 78.05 270)
    (descr "Capacitor SMD 0805, hand soldering")
    (tags "capacitor 0805")
    (path /5A477386)
    (attr smd)
    (fp_text reference C6 (at -3.25 0 270) (layer F.SilkS)
      (effects (font (size 1 1) (thickness 0.15)))
    )
    (fp_text value 0.1uF (at 0 1.75 270) (layer F.Fab)
      (effects (font (size 1 1) (thickness 0.15)))
    )
    (fp_text user %R (at 0 -1.75 270) (layer F.Fab)
      (effects (font (size 1 1) (thickness 0.15)))
    )
    (fp_line (start -1 0.62) (end -1 -0.62) (layer F.Fab) (width 0.1))
    (fp_line (start 1 0.62) (end -1 0.62) (layer F.Fab) (width 0.1))
    (fp_line (start 1 -0.62) (end 1 0.62) (layer F.Fab) (width 0.1))
    (fp_line (start -1 -0.62) (end 1 -0.62) (layer F.Fab) (width 0.1))
    (fp_line (start 0.5 -0.85) (end -0.5 -0.85) (layer F.SilkS) (width 0.12))
    (fp_line (start -0.5 0.85) (end 0.5 0.85) (layer F.SilkS) (width 0.12))
    (fp_line (start -2.25 -0.88) (end 2.25 -0.88) (layer F.CrtYd) (width 0.05))
    (fp_line (start -2.25 -0.88) (end -2.25 0.87) (layer F.CrtYd) (width 0.05))
    (fp_line (start 2.25 0.87) (end 2.25 -0.88) (layer F.CrtYd) (width 0.05))
    (fp_line (start 2.25 0.87) (end -2.25 0.87) (layer F.CrtYd) (width 0.05))
    (pad 1 smd rect (at -1.25 0 270) (size 1.5 1.25) (layers F.Cu F.Paste F.Mask)
      (net 82 VCC))
    (pad 2 smd rect (at 1.25 0 270) (size 1.5 1.25) (layers F.Cu F.Paste F.Mask)
      (net 1 GND))
    (model Capacitors_SMD.3dshapes/C_0805.wrl
      (at (xyz 0 0 0))
      (scale (xyz 1 1 1))
      (rotate (xyz 0 0 0))
    )
  )

  (module Capacitors_SMD:C_0805_HandSoldering (layer F.Cu) (tedit 58AA84A8) (tstamp 5A47BFCC)
    (at 347.397401 113.7899)
    (descr "Capacitor SMD 0805, hand soldering")
    (tags "capacitor 0805")
    (path /5A441847/5A44706C)
    (attr smd)
    (fp_text reference C7 (at 0 -1.75) (layer F.SilkS)
      (effects (font (size 1 1) (thickness 0.15)))
    )
    (fp_text value 0.1uF (at 0 1.75) (layer F.Fab)
      (effects (font (size 1 1) (thickness 0.15)))
    )
    (fp_line (start 2.25 0.87) (end -2.25 0.87) (layer F.CrtYd) (width 0.05))
    (fp_line (start 2.25 0.87) (end 2.25 -0.88) (layer F.CrtYd) (width 0.05))
    (fp_line (start -2.25 -0.88) (end -2.25 0.87) (layer F.CrtYd) (width 0.05))
    (fp_line (start -2.25 -0.88) (end 2.25 -0.88) (layer F.CrtYd) (width 0.05))
    (fp_line (start -0.5 0.85) (end 0.5 0.85) (layer F.SilkS) (width 0.12))
    (fp_line (start 0.5 -0.85) (end -0.5 -0.85) (layer F.SilkS) (width 0.12))
    (fp_line (start -1 -0.62) (end 1 -0.62) (layer F.Fab) (width 0.1))
    (fp_line (start 1 -0.62) (end 1 0.62) (layer F.Fab) (width 0.1))
    (fp_line (start 1 0.62) (end -1 0.62) (layer F.Fab) (width 0.1))
    (fp_line (start -1 0.62) (end -1 -0.62) (layer F.Fab) (width 0.1))
    (fp_text user %R (at 0 -1.75) (layer F.Fab)
      (effects (font (size 1 1) (thickness 0.15)))
    )
    (pad 2 smd rect (at 1.25 0) (size 1.5 1.25) (layers F.Cu F.Paste F.Mask)
      (net 1 GND))
    (pad 1 smd rect (at -1.25 0) (size 1.5 1.25) (layers F.Cu F.Paste F.Mask)
      (net 82 VCC))
    (model Capacitors_SMD.3dshapes/C_0805.wrl
      (at (xyz 0 0 0))
      (scale (xyz 1 1 1))
      (rotate (xyz 0 0 0))
    )
  )

  (module Capacitors_SMD:C_0805_HandSoldering (layer F.Cu) (tedit 58AA84A8) (tstamp 5A47BFDD)
    (at 313.347401 104.9499)
    (descr "Capacitor SMD 0805, hand soldering")
    (tags "capacitor 0805")
    (path /5A441860/5A477518)
    (attr smd)
    (fp_text reference C8 (at 0 -1.75) (layer F.SilkS)
      (effects (font (size 1 1) (thickness 0.15)))
    )
    (fp_text value 0.1uF (at 0 1.75) (layer F.Fab)
      (effects (font (size 1 1) (thickness 0.15)))
    )
    (fp_text user %R (at 0 -1.75) (layer F.Fab)
      (effects (font (size 1 1) (thickness 0.15)))
    )
    (fp_line (start -1 0.62) (end -1 -0.62) (layer F.Fab) (width 0.1))
    (fp_line (start 1 0.62) (end -1 0.62) (layer F.Fab) (width 0.1))
    (fp_line (start 1 -0.62) (end 1 0.62) (layer F.Fab) (width 0.1))
    (fp_line (start -1 -0.62) (end 1 -0.62) (layer F.Fab) (width 0.1))
    (fp_line (start 0.5 -0.85) (end -0.5 -0.85) (layer F.SilkS) (width 0.12))
    (fp_line (start -0.5 0.85) (end 0.5 0.85) (layer F.SilkS) (width 0.12))
    (fp_line (start -2.25 -0.88) (end 2.25 -0.88) (layer F.CrtYd) (width 0.05))
    (fp_line (start -2.25 -0.88) (end -2.25 0.87) (layer F.CrtYd) (width 0.05))
    (fp_line (start 2.25 0.87) (end 2.25 -0.88) (layer F.CrtYd) (width 0.05))
    (fp_line (start 2.25 0.87) (end -2.25 0.87) (layer F.CrtYd) (width 0.05))
    (pad 1 smd rect (at -1.25 0) (size 1.5 1.25) (layers F.Cu F.Paste F.Mask)
      (net 82 VCC))
    (pad 2 smd rect (at 1.25 0) (size 1.5 1.25) (layers F.Cu F.Paste F.Mask)
      (net 1 GND))
    (model Capacitors_SMD.3dshapes/C_0805.wrl
      (at (xyz 0 0 0))
      (scale (xyz 1 1 1))
      (rotate (xyz 0 0 0))
    )
  )

  (module Capacitors_SMD:C_0805_HandSoldering (layer F.Cu) (tedit 58AA84A8) (tstamp 5A47BFEE)
    (at 308.497401 104.9499)
    (descr "Capacitor SMD 0805, hand soldering")
    (tags "capacitor 0805")
    (path /5A441860/5A4A4117)
    (attr smd)
    (fp_text reference C9 (at 0 -1.75) (layer F.SilkS)
      (effects (font (size 1 1) (thickness 0.15)))
    )
    (fp_text value 0.1uF (at 0 1.75) (layer F.Fab)
      (effects (font (size 1 1) (thickness 0.15)))
    )
    (fp_line (start 2.25 0.87) (end -2.25 0.87) (layer F.CrtYd) (width 0.05))
    (fp_line (start 2.25 0.87) (end 2.25 -0.88) (layer F.CrtYd) (width 0.05))
    (fp_line (start -2.25 -0.88) (end -2.25 0.87) (layer F.CrtYd) (width 0.05))
    (fp_line (start -2.25 -0.88) (end 2.25 -0.88) (layer F.CrtYd) (width 0.05))
    (fp_line (start -0.5 0.85) (end 0.5 0.85) (layer F.SilkS) (width 0.12))
    (fp_line (start 0.5 -0.85) (end -0.5 -0.85) (layer F.SilkS) (width 0.12))
    (fp_line (start -1 -0.62) (end 1 -0.62) (layer F.Fab) (width 0.1))
    (fp_line (start 1 -0.62) (end 1 0.62) (layer F.Fab) (width 0.1))
    (fp_line (start 1 0.62) (end -1 0.62) (layer F.Fab) (width 0.1))
    (fp_line (start -1 0.62) (end -1 -0.62) (layer F.Fab) (width 0.1))
    (fp_text user %R (at 0 -1.75) (layer F.Fab)
      (effects (font (size 1 1) (thickness 0.15)))
    )
    (pad 2 smd rect (at 1.25 0) (size 1.5 1.25) (layers F.Cu F.Paste F.Mask)
      (net 1 GND))
    (pad 1 smd rect (at -1.25 0) (size 1.5 1.25) (layers F.Cu F.Paste F.Mask)
      (net 82 VCC))
    (model Capacitors_SMD.3dshapes/C_0805.wrl
      (at (xyz 0 0 0))
      (scale (xyz 1 1 1))
      (rotate (xyz 0 0 0))
    )
  )

  (module Capacitors_SMD:C_0805_HandSoldering (layer F.Cu) (tedit 58AA84A8) (tstamp 5A47BFFF)
    (at 318.197401 104.9499)
    (descr "Capacitor SMD 0805, hand soldering")
    (tags "capacitor 0805")
    (path /5A441860/5A4A4AB3)
    (attr smd)
    (fp_text reference C10 (at 0 -1.75) (layer F.SilkS)
      (effects (font (size 1 1) (thickness 0.15)))
    )
    (fp_text value 0.1uF (at 0 1.75) (layer F.Fab)
      (effects (font (size 1 1) (thickness 0.15)))
    )
    (fp_text user %R (at 0 -1.75) (layer F.Fab)
      (effects (font (size 1 1) (thickness 0.15)))
    )
    (fp_line (start -1 0.62) (end -1 -0.62) (layer F.Fab) (width 0.1))
    (fp_line (start 1 0.62) (end -1 0.62) (layer F.Fab) (width 0.1))
    (fp_line (start 1 -0.62) (end 1 0.62) (layer F.Fab) (width 0.1))
    (fp_line (start -1 -0.62) (end 1 -0.62) (layer F.Fab) (width 0.1))
    (fp_line (start 0.5 -0.85) (end -0.5 -0.85) (layer F.SilkS) (width 0.12))
    (fp_line (start -0.5 0.85) (end 0.5 0.85) (layer F.SilkS) (width 0.12))
    (fp_line (start -2.25 -0.88) (end 2.25 -0.88) (layer F.CrtYd) (width 0.05))
    (fp_line (start -2.25 -0.88) (end -2.25 0.87) (layer F.CrtYd) (width 0.05))
    (fp_line (start 2.25 0.87) (end 2.25 -0.88) (layer F.CrtYd) (width 0.05))
    (fp_line (start 2.25 0.87) (end -2.25 0.87) (layer F.CrtYd) (width 0.05))
    (pad 1 smd rect (at -1.25 0) (size 1.5 1.25) (layers F.Cu F.Paste F.Mask)
      (net 82 VCC))
    (pad 2 smd rect (at 1.25 0) (size 1.5 1.25) (layers F.Cu F.Paste F.Mask)
      (net 1 GND))
    (model Capacitors_SMD.3dshapes/C_0805.wrl
      (at (xyz 0 0 0))
      (scale (xyz 1 1 1))
      (rotate (xyz 0 0 0))
    )
  )

  (module LEDs:LED_0805_HandSoldering (layer F.Cu) (tedit 595FCA25) (tstamp 5A47C014)
    (at 190.75 106.8)
    (descr "Resistor SMD 0805, hand soldering")
    (tags "resistor 0805")
    (path /5A48B5A0)
    (attr smd)
    (fp_text reference D1 (at -3.25 0) (layer F.SilkS)
      (effects (font (size 1 1) (thickness 0.15)))
    )
    (fp_text value LED (at 0 1.75) (layer F.Fab)
      (effects (font (size 1 1) (thickness 0.15)))
    )
    (fp_line (start -2.2 -0.75) (end -2.2 0.75) (layer F.SilkS) (width 0.12))
    (fp_line (start 2.35 0.9) (end -2.35 0.9) (layer F.CrtYd) (width 0.05))
    (fp_line (start 2.35 0.9) (end 2.35 -0.9) (layer F.CrtYd) (width 0.05))
    (fp_line (start -2.35 -0.9) (end -2.35 0.9) (layer F.CrtYd) (width 0.05))
    (fp_line (start -2.35 -0.9) (end 2.35 -0.9) (layer F.CrtYd) (width 0.05))
    (fp_line (start -2.2 -0.75) (end 1 -0.75) (layer F.SilkS) (width 0.12))
    (fp_line (start 1 0.75) (end -2.2 0.75) (layer F.SilkS) (width 0.12))
    (fp_line (start -1 -0.62) (end 1 -0.62) (layer F.Fab) (width 0.1))
    (fp_line (start 1 -0.62) (end 1 0.62) (layer F.Fab) (width 0.1))
    (fp_line (start 1 0.62) (end -1 0.62) (layer F.Fab) (width 0.1))
    (fp_line (start -1 0.62) (end -1 -0.62) (layer F.Fab) (width 0.1))
    (fp_line (start 0.2 -0.4) (end 0.2 0.4) (layer F.Fab) (width 0.1))
    (fp_line (start 0.2 0.4) (end -0.4 0) (layer F.Fab) (width 0.1))
    (fp_line (start -0.4 0) (end 0.2 -0.4) (layer F.Fab) (width 0.1))
    (fp_line (start -0.4 -0.4) (end -0.4 0.4) (layer F.Fab) (width 0.1))
    (pad 2 smd rect (at 1.35 0) (size 1.5 1.3) (layers F.Cu F.Paste F.Mask)
      (net 2 "Net-(D1-Pad2)"))
    (pad 1 smd rect (at -1.35 0) (size 1.5 1.3) (layers F.Cu F.Paste F.Mask)
      (net 3 "Net-(D1-Pad1)"))
    (model ${KISYS3DMOD}/LEDs.3dshapes/LED_0805.wrl
      (at (xyz 0 0 0))
      (scale (xyz 1 1 1))
      (rotate (xyz 0 0 0))
    )
  )

  (module Custom:USB_A_SMD (layer F.Cu) (tedit 5A46AF0C) (tstamp 5A47C024)
    (at 141.75 71.55 180)
    (path /5A441860/5A441D63)
    (fp_text reference J1 (at 0.25 -2.54 180) (layer F.SilkS)
      (effects (font (size 1 1) (thickness 0.15)))
    )
    (fp_text value USB_A (at 0 -11.43 180) (layer F.Fab)
      (effects (font (size 1 1) (thickness 0.15)))
    )
    (fp_line (start -7.62 -7.62) (end 7.62 -7.62) (layer F.SilkS) (width 0.15))
    (fp_line (start 7.62 -7.62) (end 7.62 5.08) (layer F.SilkS) (width 0.15))
    (fp_line (start 7.62 5.08) (end -7.62 5.08) (layer F.SilkS) (width 0.15))
    (fp_line (start -7.62 5.08) (end -7.62 -7.62) (layer F.SilkS) (width 0.15))
    (pad 1 smd oval (at -3.5 -7.68 180) (size 1.12 3.39) (layers F.Cu F.Paste F.Mask)
      (net 4 +5VD))
    (pad 2 smd oval (at -1 -7.68 180) (size 1.12 3.39) (layers F.Cu F.Paste F.Mask)
      (net 5 /USB/USB1-))
    (pad 3 smd oval (at 1 -7.68 180) (size 1.12 3.39) (layers F.Cu F.Paste F.Mask)
      (net 6 /USB/USB1+))
    (pad 4 smd oval (at 3.5 -7.68 180) (size 1.12 3.39) (layers F.Cu F.Paste F.Mask)
      (net 1 GND))
    (pad 5 smd rect (at 7.67 -4 180) (size 2.44 2.22) (layers F.Cu F.Paste F.Mask)
      (net 1 GND))
    (pad 5 smd rect (at -7.67 -4 180) (size 2.44 2.22) (layers F.Cu F.Paste F.Mask)
      (net 1 GND))
    (pad "" np_thru_hole circle (at -4.06 0 180) (size 1.1 1.1) (drill 1.1) (layers *.Cu *.Mask))
    (pad "" np_thru_hole circle (at 4.06 0 180) (size 1.1 1.1) (drill 1.1) (layers *.Cu *.Mask))
  )

  (module Custom:USB_A_SMD (layer F.Cu) (tedit 5A46AF0C) (tstamp 5A47C034)
    (at -18.25 106.55 180)
    (path /5A441860/5A441DE1)
    (fp_text reference J2 (at 0.25 -2.54 180) (layer F.SilkS)
      (effects (font (size 1 1) (thickness 0.15)))
    )
    (fp_text value USB_A (at 0 -11.43 180) (layer F.Fab)
      (effects (font (size 1 1) (thickness 0.15)))
    )
    (fp_line (start -7.62 5.08) (end -7.62 -7.62) (layer F.SilkS) (width 0.15))
    (fp_line (start 7.62 5.08) (end -7.62 5.08) (layer F.SilkS) (width 0.15))
    (fp_line (start 7.62 -7.62) (end 7.62 5.08) (layer F.SilkS) (width 0.15))
    (fp_line (start -7.62 -7.62) (end 7.62 -7.62) (layer F.SilkS) (width 0.15))
    (pad "" np_thru_hole circle (at 4.06 0 180) (size 1.1 1.1) (drill 1.1) (layers *.Cu *.Mask))
    (pad "" np_thru_hole circle (at -4.06 0 180) (size 1.1 1.1) (drill 1.1) (layers *.Cu *.Mask))
    (pad 5 smd rect (at -7.67 -4 180) (size 2.44 2.22) (layers F.Cu F.Paste F.Mask)
      (net 1 GND))
    (pad 5 smd rect (at 7.67 -4 180) (size 2.44 2.22) (layers F.Cu F.Paste F.Mask)
      (net 1 GND))
    (pad 4 smd oval (at 3.5 -7.68 180) (size 1.12 3.39) (layers F.Cu F.Paste F.Mask)
      (net 1 GND))
    (pad 3 smd oval (at 1 -7.68 180) (size 1.12 3.39) (layers F.Cu F.Paste F.Mask)
      (net 7 /USB/USB2+))
    (pad 2 smd oval (at -1 -7.68 180) (size 1.12 3.39) (layers F.Cu F.Paste F.Mask)
      (net 8 /USB/USB2-))
    (pad 1 smd oval (at -3.5 -7.68 180) (size 1.12 3.39) (layers F.Cu F.Paste F.Mask)
      (net 4 +5VD))
  )

  (module Custom:USB_A_SMD (layer F.Cu) (tedit 5A46AF0C) (tstamp 5A47C044)
    (at 5.75 150.55 180)
    (path /5A441860/5A441E08)
    (fp_text reference J3 (at 0.25 -2.54 180) (layer F.SilkS)
      (effects (font (size 1 1) (thickness 0.15)))
    )
    (fp_text value USB_A (at 0 -11.43 180) (layer F.Fab)
      (effects (font (size 1 1) (thickness 0.15)))
    )
    (fp_line (start -7.62 -7.62) (end 7.62 -7.62) (layer F.SilkS) (width 0.15))
    (fp_line (start 7.62 -7.62) (end 7.62 5.08) (layer F.SilkS) (width 0.15))
    (fp_line (start 7.62 5.08) (end -7.62 5.08) (layer F.SilkS) (width 0.15))
    (fp_line (start -7.62 5.08) (end -7.62 -7.62) (layer F.SilkS) (width 0.15))
    (pad 1 smd oval (at -3.5 -7.68 180) (size 1.12 3.39) (layers F.Cu F.Paste F.Mask)
      (net 4 +5VD))
    (pad 2 smd oval (at -1 -7.68 180) (size 1.12 3.39) (layers F.Cu F.Paste F.Mask)
      (net 9 /USB/USB3-))
    (pad 3 smd oval (at 1 -7.68 180) (size 1.12 3.39) (layers F.Cu F.Paste F.Mask)
      (net 10 /USB/USB3+))
    (pad 4 smd oval (at 3.5 -7.68 180) (size 1.12 3.39) (layers F.Cu F.Paste F.Mask)
      (net 1 GND))
    (pad 5 smd rect (at 7.67 -4 180) (size 2.44 2.22) (layers F.Cu F.Paste F.Mask)
      (net 1 GND))
    (pad 5 smd rect (at -7.67 -4 180) (size 2.44 2.22) (layers F.Cu F.Paste F.Mask)
      (net 1 GND))
    (pad "" np_thru_hole circle (at -4.06 0 180) (size 1.1 1.1) (drill 1.1) (layers *.Cu *.Mask))
    (pad "" np_thru_hole circle (at 4.06 0 180) (size 1.1 1.1) (drill 1.1) (layers *.Cu *.Mask))
  )

  (module Custom:USB_B_SMD (layer F.Cu) (tedit 5A46C7C0) (tstamp 5A47C055)
    (at -24.75 62.55 270)
    (path /5A441860/5A441A49)
    (fp_text reference J4 (at -8.25 -2.5 270) (layer F.SilkS)
      (effects (font (size 1 1) (thickness 0.15)))
    )
    (fp_text value USB_B (at -1.5 13.5 270) (layer F.Fab)
      (effects (font (size 1 1) (thickness 0.15)))
    )
    (fp_text user edge (at -1.75 15 270) (layer F.SilkS)
      (effects (font (size 1 1) (thickness 0.15)))
    )
    (fp_line (start 6.75 -1.75) (end 6.75 16) (layer F.SilkS) (width 0.15))
    (fp_line (start -10.5 -1.75) (end 6.75 -1.75) (layer F.SilkS) (width 0.15))
    (fp_line (start -10.5 16) (end -10.5 -1.75) (layer F.SilkS) (width 0.15))
    (fp_line (start -10.5 16) (end 6.75 16) (layer F.SilkS) (width 0.15))
    (pad 2 smd rect (at 4.925 6.42 270) (size 3.4 6.04) (layers F.Cu F.Paste F.Mask)
      (net 11 /USB/USB1A-))
    (pad "" np_thru_hole circle (at 0.875 7 270) (size 1.4 1.4) (drill 1.4) (layers *.Cu *.Mask))
    (pad "" np_thru_hole circle (at -4.625 7 270) (size 1.4 1.4) (drill 1.4) (layers *.Cu *.Mask))
    (pad 5 smd rect (at -8.675 6.42 270) (size 3.4 6.04) (layers F.Cu F.Paste F.Mask)
      (net 1 GND))
    (pad 1 smd oval (at 0 0 270) (size 0.7 3) (layers F.Cu F.Paste F.Mask)
      (net 12 "Net-(J4-Pad1)"))
    (pad 4 smd oval (at -1.25 0 270) (size 0.7 3) (layers F.Cu F.Paste F.Mask)
      (net 1 GND))
    (pad 2 smd oval (at -2.5 0 270) (size 0.7 3) (layers F.Cu F.Paste F.Mask)
      (net 11 /USB/USB1A-))
    (pad 3 smd oval (at -3.75 0 270) (size 0.7 3) (layers F.Cu F.Paste F.Mask)
      (net 13 /USB/USB1A+))
  )

  (module Custom:USB_B_SMD (layer F.Cu) (tedit 5A46C7C0) (tstamp 5A47C066)
    (at -29 128.5 270)
    (path /5A441860/5A441C03)
    (fp_text reference J5 (at -8.25 -2.5 270) (layer F.SilkS)
      (effects (font (size 1 1) (thickness 0.15)))
    )
    (fp_text value USB_B (at -1.5 13.5 270) (layer F.Fab)
      (effects (font (size 1 1) (thickness 0.15)))
    )
    (fp_line (start -10.5 16) (end 6.75 16) (layer F.SilkS) (width 0.15))
    (fp_line (start -10.5 16) (end -10.5 -1.75) (layer F.SilkS) (width 0.15))
    (fp_line (start -10.5 -1.75) (end 6.75 -1.75) (layer F.SilkS) (width 0.15))
    (fp_line (start 6.75 -1.75) (end 6.75 16) (layer F.SilkS) (width 0.15))
    (fp_text user edge (at -1.75 15 270) (layer F.SilkS)
      (effects (font (size 1 1) (thickness 0.15)))
    )
    (pad 3 smd oval (at -3.75 0 270) (size 0.7 3) (layers F.Cu F.Paste F.Mask)
      (net 14 /USB/USB2A+))
    (pad 2 smd oval (at -2.5 0 270) (size 0.7 3) (layers F.Cu F.Paste F.Mask)
      (net 15 /USB/USB2A-))
    (pad 4 smd oval (at -1.25 0 270) (size 0.7 3) (layers F.Cu F.Paste F.Mask)
      (net 1 GND))
    (pad 1 smd oval (at 0 0 270) (size 0.7 3) (layers F.Cu F.Paste F.Mask)
      (net 16 "Net-(J5-Pad1)"))
    (pad 5 smd rect (at -8.675 6.42 270) (size 3.4 6.04) (layers F.Cu F.Paste F.Mask)
      (net 1 GND))
    (pad "" np_thru_hole circle (at -4.625 7 270) (size 1.4 1.4) (drill 1.4) (layers *.Cu *.Mask))
    (pad "" np_thru_hole circle (at 0.875 7 270) (size 1.4 1.4) (drill 1.4) (layers *.Cu *.Mask))
    (pad 2 smd rect (at 4.925 6.42 270) (size 3.4 6.04) (layers F.Cu F.Paste F.Mask)
      (net 15 /USB/USB2A-))
  )

  (module Custom:USB_B_SMD (layer F.Cu) (tedit 5A46C7C0) (tstamp 5A47C077)
    (at -9.75 179.55 270)
    (path /5A441860/5A441C36)
    (fp_text reference J6 (at -8.25 -2.5 270) (layer F.SilkS)
      (effects (font (size 1 1) (thickness 0.15)))
    )
    (fp_text value USB_B (at -1.5 13.5 270) (layer F.Fab)
      (effects (font (size 1 1) (thickness 0.15)))
    )
    (fp_line (start -10.5 16) (end 6.75 16) (layer F.SilkS) (width 0.15))
    (fp_line (start -10.5 16) (end -10.5 -1.75) (layer F.SilkS) (width 0.15))
    (fp_line (start -10.5 -1.75) (end 6.75 -1.75) (layer F.SilkS) (width 0.15))
    (fp_line (start 6.75 -1.75) (end 6.75 16) (layer F.SilkS) (width 0.15))
    (fp_text user edge (at -1.75 15 270) (layer F.SilkS)
      (effects (font (size 1 1) (thickness 0.15)))
    )
    (pad 3 smd oval (at -3.75 0 270) (size 0.7 3) (layers F.Cu F.Paste F.Mask)
      (net 17 /USB/USB3A+))
    (pad 2 smd oval (at -2.5 0 270) (size 0.7 3) (layers F.Cu F.Paste F.Mask)
      (net 18 /USB/USB3A-))
    (pad 4 smd oval (at -1.25 0 270) (size 0.7 3) (layers F.Cu F.Paste F.Mask)
      (net 1 GND))
    (pad 1 smd oval (at 0 0 270) (size 0.7 3) (layers F.Cu F.Paste F.Mask)
      (net 19 "Net-(J6-Pad1)"))
    (pad 5 smd rect (at -8.675 6.42 270) (size 3.4 6.04) (layers F.Cu F.Paste F.Mask)
      (net 1 GND))
    (pad "" np_thru_hole circle (at -4.625 7 270) (size 1.4 1.4) (drill 1.4) (layers *.Cu *.Mask))
    (pad "" np_thru_hole circle (at 0.875 7 270) (size 1.4 1.4) (drill 1.4) (layers *.Cu *.Mask))
    (pad 2 smd rect (at 4.925 6.42 270) (size 3.4 6.04) (layers F.Cu F.Paste F.Mask)
      (net 18 /USB/USB3A-))
  )

  (module Custom:USB_B_SMD (layer F.Cu) (tedit 5A46C7C0) (tstamp 5A47C088)
    (at -24.75 81.05 270)
    (path /5A441860/5A441C6D)
    (fp_text reference J7 (at -8.25 -2.5 270) (layer F.SilkS)
      (effects (font (size 1 1) (thickness 0.15)))
    )
    (fp_text value USB_B (at -1.5 13.5 270) (layer F.Fab)
      (effects (font (size 1 1) (thickness 0.15)))
    )
    (fp_text user edge (at -1.75 15 270) (layer F.SilkS)
      (effects (font (size 1 1) (thickness 0.15)))
    )
    (fp_line (start 6.75 -1.75) (end 6.75 16) (layer F.SilkS) (width 0.15))
    (fp_line (start -10.5 -1.75) (end 6.75 -1.75) (layer F.SilkS) (width 0.15))
    (fp_line (start -10.5 16) (end -10.5 -1.75) (layer F.SilkS) (width 0.15))
    (fp_line (start -10.5 16) (end 6.75 16) (layer F.SilkS) (width 0.15))
    (pad 2 smd rect (at 4.925 6.42 270) (size 3.4 6.04) (layers F.Cu F.Paste F.Mask)
      (net 20 /USB/USB1B-))
    (pad "" np_thru_hole circle (at 0.875 7 270) (size 1.4 1.4) (drill 1.4) (layers *.Cu *.Mask))
    (pad "" np_thru_hole circle (at -4.625 7 270) (size 1.4 1.4) (drill 1.4) (layers *.Cu *.Mask))
    (pad 5 smd rect (at -8.675 6.42 270) (size 3.4 6.04) (layers F.Cu F.Paste F.Mask)
      (net 1 GND))
    (pad 1 smd oval (at 0 0 270) (size 0.7 3) (layers F.Cu F.Paste F.Mask)
      (net 21 "Net-(J7-Pad1)"))
    (pad 4 smd oval (at -1.25 0 270) (size 0.7 3) (layers F.Cu F.Paste F.Mask)
      (net 1 GND))
    (pad 2 smd oval (at -2.5 0 270) (size 0.7 3) (layers F.Cu F.Paste F.Mask)
      (net 20 /USB/USB1B-))
    (pad 3 smd oval (at -3.75 0 270) (size 0.7 3) (layers F.Cu F.Paste F.Mask)
      (net 22 /USB/USB1B+))
  )

  (module Custom:USB_B_SMD (layer F.Cu) (tedit 5A46C7C0) (tstamp 5A47C099)
    (at 7.25 102.05)
    (path /5A441860/5A441CA9)
    (fp_text reference J8 (at -8.25 -2.5) (layer F.SilkS)
      (effects (font (size 1 1) (thickness 0.15)))
    )
    (fp_text value USB_B (at -1.5 13.5) (layer F.Fab)
      (effects (font (size 1 1) (thickness 0.15)))
    )
    (fp_line (start -10.5 16) (end 6.75 16) (layer F.SilkS) (width 0.15))
    (fp_line (start -10.5 16) (end -10.5 -1.75) (layer F.SilkS) (width 0.15))
    (fp_line (start -10.5 -1.75) (end 6.75 -1.75) (layer F.SilkS) (width 0.15))
    (fp_line (start 6.75 -1.75) (end 6.75 16) (layer F.SilkS) (width 0.15))
    (fp_text user edge (at -1.75 15) (layer F.SilkS)
      (effects (font (size 1 1) (thickness 0.15)))
    )
    (pad 3 smd oval (at -3.75 0) (size 0.7 3) (layers F.Cu F.Paste F.Mask)
      (net 23 /USB/USB2B+))
    (pad 2 smd oval (at -2.5 0) (size 0.7 3) (layers F.Cu F.Paste F.Mask)
      (net 24 /USB/USB2B-))
    (pad 4 smd oval (at -1.25 0) (size 0.7 3) (layers F.Cu F.Paste F.Mask)
      (net 1 GND))
    (pad 1 smd oval (at 0 0) (size 0.7 3) (layers F.Cu F.Paste F.Mask)
      (net 25 "Net-(J8-Pad1)"))
    (pad 5 smd rect (at -8.675 6.42) (size 3.4 6.04) (layers F.Cu F.Paste F.Mask)
      (net 1 GND))
    (pad "" np_thru_hole circle (at -4.625 7) (size 1.4 1.4) (drill 1.4) (layers *.Cu *.Mask))
